grains2/data/olivine95.csv
# %ECSV 0.9
# ---
# datatype:
# - {name: wave, unit: um, datatype: float64, description: Wavelength}
# - {name: n0, datatype: float64, description: 'Real index, x-axis'}
# - {name: k0, datatype: float64, description: 'Imaginary index, x-axis'}
# - {name: n1, datatype: float64, description: 'Real index, y-axis'}
# - {name: k1, datatype: float64, description: 'Imaginary index, y-axis'}
# - {name: n2, datatype: float64, description: 'Real index, z-axis'}
# - {name: k2, datatype: float64, description: 'Imaginary index, z-axis'}
# meta: !!omap
# - {name: olivine 95/5 Mg/Fe}
# - {source: "Jena Laboratory Group for \u03BB<2 \u03BCm, otherwise Jaeger et al. (1998)"}
# - {comments: Jena Lab data degraded resolution from 46 cm^-1 grid with good agreement.}
# - rho: !astropy.units.Quantity
#     unit: !astropy.units.Unit {unit: g / cm3}
#     value: 3.3
# schema: astropy-2.0
wave n0 k0 n1 k1 n2 k2
[from data line 1637]
3.20000819202 1.592559 0.00015 1.60014 9.60263e-05 1.607928 0.000116
3.20125899114 1.592529 0.00015 1.60012 9.61631e-05 1.607903 0.000116
3.20250974284 1.5925 0.00015 1.6001 9.62631e-05 1.607879 0.000117
3.20376249868 1.59247 0.00015 1.60007 9.63631e-05 1.607855 0.000117
3.20501623501 1.59244 0.000151 1.60005 9.65261e-05 1.607831 0.000117
3.20627095298 1.592411 0.000151 1.60003 9.6663e-05 1.607806 0.000117
3.20752562492 1.592381 0.000151 1.6 9.6763e-05 1.607782 0.000117
3.20878230883 1.592351 0.000151 1.59998 9.6863e-05 1.607757 0.000117
3.21003997784 1.592321 0.000152 1.59996 9.6963e-05 1.607733 0.000118
3.21129760187 1.592291 0.000152 1.59993 9.71259e-05 1.607709 0.000118
3.21255724375 1.592262 0.000152 1.59991 9.72629e-05 1.607684 0.000118
3.21381787423 1.592232 0.000152 1.59989 9.73629e-05 1.60766 0.000118
3.21507846077 1.592202 0.000152 1.59986 9.74629e-05 1.607635 0.000118
3.2163410711 1.592172 0.000152 1.59984 9.76257e-05 1.60761 0.000118
3.21760467351 1.592142 0.000153 1.59982 9.77628e-05 1.607586 0.000119
3.21886926917 1.592112 0.000153 1.5998 9.78628e-05 1.607561 0.000119
3.22013382232 1.592082 0.000153 1.59977 9.79628e-05 1.607536 0.000119
3.22140040719 1.592051 0.000153 1.59975 9.80627e-05 1.607512 0.000119
3.22266798882 1.592021 0.000154 1.59973 9.82254e-05 1.607487 0.000119
3.22393552903 1.591991 0.000154 1.5997 9.83627e-05 1.607462 0.000119
3.22520510692 1.591961 0.000154 1.59968 9.84627e-05 1.607437 0.000119
3.22647568512 1.59193 0.000154 1.59965 9.85626e-05 1.607413 0.00012
3.22774622297 1.5919 0.000154 1.59963 9.87252e-05 1.607388 0.00012
3.22901880451 1.59187 0.000154 1.59961 9.88626e-05 1.607363 0.00012
3.23029238992 1.591839 0.000155 1.59958 9.89626e-05 1.607338 0.00012
3.23156698037 1.591809 0.000155 1.59956 9.90625e-05 1.607313 0.00012
3.23284153193 1.591778 0.000155 1.59954 9.9225e-05 1.607288 0.00012
3.23411813522 1.591748 0.000155 1.59951 9.93625e-05 1.607263 0.00012
3.23539574714 1.591717 0.000156 1.59949 9.94625e-05 1.607238 0.000121
3.23667332127 1.591686 0.000156 1.59947 9.95624e-05 1.607213 0.000121
3.23795295319 1.591656 0.000156 1.59944 9.97248e-05 1.607188 0.000121
3.23923359733 1.591625 0.000156 1.59942 9.98624e-05 1.607162 0.000121
3.24051420479 1.591594 0.000156 1.5994 9.99624e-05 1.607137 0.000121
3.24179687614 1.591564 0.000156 1.59937 0.000100125 1.607112 0.000121
3.24308056331 1.591533 0.000157 1.59935 0.000100262 1.607087 0.000122
3.24436526751 1.591502 0.000157 1.59932 0.000100362 1.607062 0.000122
3.24564993653 1.591471 0.000157 1.5993 0.000100462 1.607036 0.000122
3.24693667759 1.59144 0.000157 1.59928 0.000100624 1.607011 0.000122
3.24822443932 1.591409 0.000158 1.59925 0.000100762 1.606985 0.000122
3.24951216699 1.591378 0.000158 1.59923 0.000100862 1.60696 0.000122
3.25080197285 1.591347 0.000158 1.5992 0.000101024 1.606935 0.000123
3.25209280302 1.591316 0.000158 1.59918 0.000101162 1.606909 0.000123
3.25338360028 1.591285 0.000158 1.59916 0.000101262 1.606884 0.000123
3.2546764819 1.591254 0.000158 1.59913 0.000101362 1.606858 0.000123
3.25597039151 1.591222 0.000159 1.59911 0.000101524 1.606832 0.000123
3.25726533032 1.591191 0.000159 1.59908 0.000101662 1.606807 0.000123
3.25856023774 1.59116 0.000159 1.59906 0.000101762 1.606781 0.000123
3.25985723781 1.591128 0.000159 1.59904 0.000101924 1.606755 0.000124
3.26115527078 1.591097 0.00016 1.59901 0.000102062 1.60673 0.000124
3.26245327351 1.591066 0.00016 1.59899 0.000102162 1.606704 0.000124
3.26375337513 1.591034 0.00016 1.59896 0.000102324 1.606678 0.000124
3.26505451335 1.591003 0.00016 1.59894 0.000102462 1.606652 0.000124
3.26635562251 1.590971 0.00016 1.59891 0.000102562 1.606626 0.000124
3.26765883681 1.590939 0.000161 1.59889 0.000102724 1.606601 0.000125
3.26896309145 1.590908 0.000161 1.59886 0.000102862 1.606575 0.000125
3.27026838766 1.590876 0.000161 1.59884 0.000102962 1.606549 0.000125
3.27157365637 1.590844 0.000161 1.59882 0.000103062 1.606523 0.000125
3.27288103863 1.590813 0.000161 1.59879 0.000103223 1.606497 0.000125
3.27418946621 1.590781 0.000162 1.59877 0.000103362 1.606471 0.000125
3.27549786749 1.590749 0.000162 1.59874 0.000103462 1.606444 0.000125
3.27680838863 1.590717 0.000162 1.59872 0.000103623 1.606418 0.000126
3.27811995887 1.590685 0.000162 1.59869 0.000103762 1.606392 0.000126
3.27943150399 1.590653 0.000163 1.59867 0.000103862 1.606366 0.000126
3.28074517534 1.590621 0.000163 1.59864 0.000104023 1.60634 0.000126
3.28205989956 1.590589 0.000163 1.59862 0.000104162 1.606313 0.000126
3.28337567793 1.590557 0.000163 1.59859 0.000104323 1.606287 0.000127
3.2846914328 1.590525 0.000163 1.59857 0.000104462 1.606261 0.000127
3.28600932241 1.590492 0.000164 1.59854 0.000104562 1.606235 0.000127
3.28732826997 1.59046 0.000164 1.59852 0.000104723 1.606208 0.000127
3.28864719524 1.590428 0.000164 1.59849 0.000104861 1.606182 0.000127
3.28996826168 1.590396 0.000164 1.59847 0.000104961 1.606155 0.000127
3.29129038989 1.590363 0.000165 1.59844 0.000105123 1.606129 0.000127
3.29261249704 1.590331 0.000165 1.59842 0.000105261 1.606102 0.000128
3.2939367518 1.590298 0.000165 1.59839 0.000105361 1.606076 0.000128
3.29526207219 1.590266 0.000165 1.59837 0.000105523 1.606049 0.000128
3.2965884595 1.590233 0.000165 1.59834 0.000105661 1.606022 0.000128
3.29791482739 1.590201 0.000165 1.59832 0.000105761 1.605996 0.000128
3.29924335153 1.590168 0.000166 1.59829 0.000105923 1.605969 0.000129
3.30057294646 1.590136 0.000166 1.59827 0.000106061 1.605942 0.000129
3.30190252321 1.590103 0.000166 1.59824 0.000106222 1.605915 0.000129
3.30323426273 1.59007 0.000166 1.59822 0.000106361 1.605889 0.000129
3.30456707693 1.590037 0.000167 1.59819 0.000106461 1.605862 0.000129
3.30589987421 1.590005 0.000167 1.59817 0.000106622 1.605835 0.000129
3.30723484079 1.589972 0.000167 1.59814 0.000106761 1.605808 0.000129
3.30857088597 1.589939 0.000167 1.59812 0.000106922 1.605781 0.00013
3.30990801104 1.589906 0.000167 1.59809 0.000107061 1.605754 0.00013
3.31124512088 1.589873 0.000168 1.59807 0.000107161 1.605727 0.00013
3.31258440879 1.58984 0.000168 1.59804 0.000107322 1.6057 0.00013
3.31392478054 1.589806 0.000168 1.59801 0.000107461 1.605673 0.00013
3.31526513833 1.589773 0.000168 1.59799 0.000107622 1.605646 0.000131
3.3166076808 1.58974 0.000169 1.59796 0.000107761 1.605618 0.000131
3.31795131106 1.589707 0.000169 1.59794 0.000107861 1.605591 0.000131
3.31929492865 1.589674 0.000169 1.59791 0.000108022 1.605564 0.000131
3.32064073755 1.58964 0.000169 1.59789 0.000108161 1.605537 0.000131
3.32198763822 1.589607 0.00017 1.59786 0.000108322 1.605509 0.000131
3.32333563197 1.589574 0.00017 1.59783 0.000108461 1.605482 0.000132
3.3246836148 1.58954 0.00017 1.59781 0.000108561 1.605455 0.000132
3.32603379783 1.589507 0.00017 1.59778 0.000108722 1.605427 0.000132
3.32738507794 1.589473 0.000171 1.59776 0.000108861 1.6054 0.000132
3.32873634844 1.589439 0.000171 1.59773 0.000109021 1.605372 0.000132
3.33008982584 1.589406 0.000171 1.59771 0.000109161 1.605345 0.000132
3.33144440436 1.589372 0.000171 1.59768 0.000109321 1.605317 0.000133
3.33279897456 1.589338 0.000171 1.59765 0.000109461 1.605289 0.000133
3.33415575842 1.589305 0.000172 1.59763 0.000109561 1.605262 0.000133
3.33551364742 1.589271 0.000172 1.5976 0.000109721 1.605234 0.000133
3.33687264292 1.589237 0.000172 1.59758 0.000109861 1.605206 0.000133
3.33823163188 1.589203 0.000172 1.59755 0.000110021 1.605179 0.000133
3.33959284352 1.589169 0.000173 1.59752 0.000110161 1.605151 0.000134
3.34095516572 1.589135 0.000173 1.5975 0.000110321 1.605123 0.000134
3.34231748273 1.589101 0.000173 1.59747 0.00011046 1.605095 0.000134
3.34368202921 1.589067 0.000173 1.59744 0.000110621 1.605067 0.000134
3.34504769034 1.589033 0.000173 1.59742 0.00011076 1.605039 0.000134
3.34641334764 1.588998 0.000174 1.59739 0.000110921 1.605011 0.000135
3.34778124124 1.588964 0.000174 1.59736 0.00011106 1.604983 0.000135
3.3491502536 1.58893 0.000174 1.59734 0.00011116 1.604955 0.000135
3.35052038607 1.588896 0.000174 1.59731 0.000111321 1.604927 0.000135
3.35189051653 1.588861 0.000175 1.59729 0.00011146 1.604899 0.000135
3.35326289246 1.588827 0.000175 1.59726 0.000111621 1.604871 0.000135
3.35463639264 1.588792 0.000175 1.59723 0.00011176 1.604843 0.000136
3.35600989217 1.588758 0.000175 1.59721 0.00011192 1.604814 0.000136
3.35738564409 1.588723 0.000176 1.59718 0.00011206 1.604786 0.000136
3.35876252441 1.588689 0.000176 1.59715 0.00011222 1.604758 0.000136
3.36013940546 1.588654 0.000176 1.59713 0.00011236 1.604729 0.000136
3.36151854583 1.588619 0.000176 1.5971 0.00011252 1.604701 0.000137
3.36289881878 1.588585 0.000177 1.59707 0.00011266 1.604672 0.000137
3.3642802257 1.58855 0.000177 1.59705 0.00011282 1.604644 0.000137
3.36566163523 1.588515 0.000177 1.59702 0.00011296 1.604615 0.000137
3.36704531336 1.58848 0.000177 1.59699 0.00011312 1.604587 0.000137
3.36843012966 1.588445 0.000177 1.59696 0.00011326 1.604558 0.000137
3.36981494998 1.58841 0.000178 1.59694 0.00011342 1.60453 0.000138
3.37120204592 1.588375 0.000178 1.59691 0.00011356 1.604501 0.000138
3.37259028424 1.58834 0.000178 1.59688 0.00011372 1.604472 0.000138
3.373978528 1.588305 0.000179 1.59686 0.00011386 1.604443 0.000138
3.37536905441 1.58827 0.000179 1.59683 0.00011402 1.604415 0.000138
3.37676072746 1.588234 0.000179 1.5968 0.00011416 1.604386 0.000139
3.37815354856 1.588199 0.000179 1.59678 0.00011432 1.604357 0.000139
3.37954637701 1.588164 0.000179 1.59675 0.00011446 1.604328 0.000139
3.38094149754 1.588128 0.00018 1.59672 0.00011462 1.604299 0.000139
3.3823377704 1.588093 0.00018 1.59669 0.000114819 1.60427 0.000139
3.38373405204 1.588057 0.00018 1.59667 0.00011496 1.604241 0.000139
3.38513263288 1.588022 0.00018 1.59664 0.000115119 1.604212 0.00014
3.38653237034 1.587986 0.000181 1.59661 0.00011526 1.604183 0.00014
3.38793211804 1.587951 0.000181 1.59658 0.000115419 1.604154 0.00014
3.38933417208 1.587915 0.000181 1.59656 0.00011556 1.604125 0.00014
3.39073738705 1.587879 0.000181 1.59653 0.000115719 1.604095 0.00014
3.39214176439 1.587844 0.000182 1.5965 0.00011586 1.604066 0.000141
3.39354615392 1.587808 0.000182 1.59647 0.000116019 1.604037 0.000141
3.39495285938 1.587772 0.000182 1.59645 0.00011616 1.604007 0.000141
3.39636073155 1.587736 0.000182 1.59642 0.000116319 1.603978 0.000141
3.39776861739 1.5877 0.000183 1.59639 0.000116519 1.603949 0.000141
3.39917882638 1.587664 0.000183 1.59636 0.000116659 1.603919 0.000142
3.40059020644 1.587628 0.000183 1.59634 0.000116819 1.60389 0.000142
3.40200160166 1.587592 0.000183 1.59631 0.000116959 1.60386 0.000142
3.40341532728 1.587556 0.000184 1.59628 0.000117119 1.60383 0.000142
3.40483022836 1.587519 0.000184 1.59625 0.000117259 1.603801 0.000142
3.40624630635 1.587483 0.000184 1.59622 0.000117419 1.603771 0.000143
3.40766240152 1.587447 0.000184 1.5962 0.000117619 1.603742 0.000143
3.40908083681 1.58741 0.000185 1.59617 0.000117759 1.603712 0.000143
3.41050045343 1.587374 0.000185 1.59614 0.000117919 1.603682 0.000143
3.41192008874 1.587338 0.000185 1.59611 0.000118059 1.603652 0.000143
3.41334207149 1.587301 0.000186 1.59608 0.000118218 1.603622 0.000144
3.41476524001 1.587265 0.000186 1.59606 0.000118418 1.603592 0.000144
3.41618842875 1.587228 0.000186 1.59603 0.000118559 1.603562 0.000144
3.4176139723 1.587191 0.000186 1.596 0.000118718 1.603532 0.000144
3.41904070607 1.587155 0.000186 1.59597 0.000118859 1.603502 0.000144
3.42046863157 1.587118 0.000187 1.59594 0.000119018 1.603472 0.000144
3.42189657934 1.587081 0.000187 1.59591 0.000119218 1.603442 0.000145
3.42332689177 1.587044 0.000187 1.59589 0.000119359 1.603412 0.000145
3.42475840042 1.587007 0.000188 1.59586 0.000119518 1.603382 0.000145
3.42618993289 1.58697 0.000188 1.59583 0.000119718 1.603352 0.000145
3.42762383748 1.586933 0.000188 1.5958 0.000119859 1.603321 0.000146
3.42905894278 1.586896 0.000188 1.59577 0.000120018 1.603291 0.000146
3.43049407348 1.586859 0.000189 1.59574 0.000120159 1.603261 0.000146
3.43193158376 1.586822 0.000189 1.59571 0.000120318 1.60323 0.000146
3.43337029929 1.586784 0.000189 1.59569 0.000120518 1.6032 0.000146
3.43481022158 1.586747 0.000189 1.59566 0.000120659 1.603169 0.000146
3.43625017138 1.58671 0.00019 1.59563 0.000120818 1.603139 0.000147
3.43769251078 1.586672 0.00019 1.5956 0.000121018 1.603108 0.000147
3.43913606151 1.586635 0.00019 1.59557 0.000121159 1.603078 0.000147
3.44057964133 1.586597 0.00019 1.59554 0.000121317 1.603047 0.000147
3.44202561831 1.58656 0.000191 1.59551 0.000121517 1.603016 0.000148
3.4434728112 1.586522 0.000191 1.59548 0.000121659 1.602985 0.000148
3.44492003479 1.586485 0.000191 1.59546 0.000121817 1.602955 0.000148
3.44636966312 1.586447 0.000192 1.59543 0.000122017 1.602924 0.000148
3.44782051198 1.586409 0.000192 1.5954 0.000122159 1.602893 0.000148
3.4492725829 1.586371 0.000192 1.59537 0.000122317 1.602862 0.000149
3.45072468669 1.586334 0.000192 1.59534 0.000122517 1.602831 0.000149
3.45217920538 1.586296 0.000192 1.59531 0.000122659 1.6028 0.000149
3.45363495079 1.586258 0.000193 1.59528 0.000122817 1.602769 0.000149
3.45509073068 1.58622 0.000193 1.59525 0.000123017 1.602738 0.000149
3.45654893315 1.586182 0.000193 1.59522 0.000123158 1.602707 0.00015
3.458008367 1.586143 0.000194 1.59519 0.000123317 1.602675 0.00015
3.45946783698 1.586105 0.000194 1.59516 0.000123517 1.602644 0.00015
3.46092973724 1.586067 0.000194 1.59513 0.000123658 1.602613 0.00015
3.46239287356 1.586029 0.000194 1.5951 0.000123817 1.602582 0.00015
3.46385724752 1.58599 0.000195 1.59507 0.000124017 1.60255 0.000151
3.46532165982 1.585952 0.000195 1.59505 0.000124217 1.602519 0.000151
3.46678851273 1.585913 0.000195 1.59502 0.000124358 1.602488 0.000151
3.46825660798 1.585875 0.000196 1.59499 0.000124517 1.602456 0.000151
3.46972474327 1.585836 0.000196 1.59496 0.000124717 1.602425 0.000152
3.47119532694 1.585798 0.000196 1.59493 0.000124858 1.602393 0.000152
3.4726671577 1.585759 0.000196 1.5949 0.000125016 1.602361 0.000152
3.47413903018 1.58572 0.000197 1.59487 0.000125216 1.60233 0.000152
3.47561335887 1.585681 0.000197 1.59484 0.000125416 1.602298 0.000152
3.47708893941 1.585643 0.000197 1.59481 0.000125558 1.602266 0.000152
3.47856577342 1.585604 0.000198 1.59478 0.000125716 1.602234 0.000153
3.4800426514 1.585565 0.000198 1.59475 0.000125916 1.602203 0.000153
3.48152199608 1.585526 0.000198 1.59472 0.000126116 1.602171 0.000153
3.48300259902 1.585487 0.000198 1.59469 0.000126258 1.602139 0.000153
3.48448324765 1.585448 0.000199 1.59466 0.000126416 1.602107 0.000154
3.48596637088 1.585408 0.000199 1.59463 0.000126616 1.602075 0.000154
3.4874507572 1.585369 0.000199 1.5946 0.000126816 1.602043 0.000154
3.48893519094 1.58533 0.000199 1.59457 0.000126958 1.60201 0.000154
3.49042210722 1.585291 0.0002 1.59454 0.000127116 1.601978 0.000154
3.49191029143 1.585251 0.0002 1.59451 0.000127316 1.601946 0.000155
3.49339974519 1.585212 0.0002 1.59448 0.000127516 1.601914 0.000155
3.49488924871 1.585172 0.000201 1.59445 0.000127658 1.601882 0.000155
3.49638124541 1.585132 0.000201 1.59442 0.000127816 1.601849 0.000155
3.49787451655 1.585093 0.000201 1.59439 0.000128016 1.601817 0.000156
3.4993678392 1.585053 0.000201 1.59435 0.000128215 1.601784 0.000156
3.50086366307 1.585013 0.000202 1.59432 0.000128358 1.601752 0.000156
3.50236076627 1.584974 0.000202 1.59429 0.000128515 1.601719 0.000156
3.50385792277 1.584934 0.000202 1.59426 0.000128715 1.601687 0.000156
3.50535758854 1.584894 0.000203 1.59423 0.000128915 1.601654 0.000157
3.50685853859 1.584854 0.000203 1.5942 0.000129115 1.601622 0.000157
3.50836077456 1.584814 0.000203 1.59417 0.000129258 1.601589 0.000157
3.5098630662 1.584774 0.000204 1.59414 0.000129415 1.601556 0.000157
3.51136787794 1.584734 0.000204 1.59411 0.000129615 1.601523 0.000158
3.51287398056 1.584693 0.000204 1.59408 0.000129815 1.60149 0.000158
3.51438014066 1.584653 0.000204 1.59405 0.000130015 1.601458 0.000158
