grains2/data/olivine95.csv
# %ECSV 0.9
# ---
# datatype:
# - {name: wave, unit: um, datatype: float64, description: Wavelength}
# - {name: n0, datatype: float64, description: 'Real index, x-axis'}
# - {name: k0, datatype: float64, description: 'Imaginary index, x-axis'}
# - {name: n1, datatype: float64, description: 'Real index, y-axis'}
# - {name: k1, datatype: float64, description: 'Imaginary index, y-axis'}
# - {name: n2, datatype: float64, description: 'Real index, z-axis'}
# - {name: k2, datatype: float64, description: 'Imaginary index, z-axis'}
# meta: !!omap
# - {name: olivine 95/5 Mg/Fe}
# - {source: "Jena Laboratory Group for \u03BB<2 \u03BCm, otherwise Jaeger et al. (1998)"}
# - {comments: Jena Lab data degraded resolution from 46 cm^-1 grid with good agreement.}
# - rho: !astropy.units.Quantity
#     unit: !astropy.units.Unit {unit: g / cm3}
#     value: 3.3
# schema: astropy-2.0
wave n0 k0 n1 k1 n2 k2
[from data line 674]
2.32529695205 1.609816 5.4e-05 1.61359 3.51e-05 1.622121 4.2e-05
2.32595733496 1.609806 5.4e-05 1.61358 3.51869e-05 1.622112 4.2e-05
2.32661755177 1.609795 5.4e-05 1.61357 3.52e-05 1.622104 4.2e-05
2.32727868511 1.609785 5.4e-05 1.61357 3.52e-05 1.622095 4.2e-05
2.32794019429 1.609774 5.4e-05 1.61356 3.52868e-05 1.622086 4.2e-05
2.32860153739 1.609763 5.4e-05 1.61355 3.53e-05 1.622077 4.2e-05
2.32926379891 1.609753 5.4e-05 1.61354 3.53e-05 1.622069 4.2e-05
2.32992643723 1.609742 5.5e-05 1.61353 3.53e-05 1.62206 4.3e-05
2.33058945268 1.609731 5.5e-05 1.61352 3.53867e-05 1.622051 4.3e-05
2.33125230211 1.60972 5.5e-05 1.61352 3.54e-05 1.622042 4.3e-05
2.33191607248 1.60971 5.5e-05 1.61351 3.54e-05 1.622033 4.3e-05
2.33258022093 1.609699 5.5e-05 1.6135 3.54866e-05 1.622024 4.3e-05
2.3332442034 1.609688 5.5e-05 1.61349 3.55e-05 1.622015 4.3e-05
2.33390910871 1.609678 5.5e-05 1.61348 3.55e-05 1.622007 4.3e-05
2.33457439308 1.609667 5.5e-05 1.61347 3.55866e-05 1.621998 4.3e-05
2.33523951151 1.609656 5.5e-05 1.61347 3.56e-05 1.621989 4.3e-05
2.33590555467 1.609645 5.5e-05 1.61346 3.56e-05 1.62198 4.3e-05
2.33657197787 1.609635 5.5e-05 1.61345 3.56865e-05 1.621971 4.3e-05
2.33723878143 1.609624 5.5e-05 1.61344 3.57e-05 1.621962 4.3e-05
2.3379054191 1.609613 5.5e-05 1.61343 3.57e-05 1.621953 4.3e-05
2.33857298406 1.609602 5.5e-05 1.61342 3.57864e-05 1.621945 4.3e-05
2.33924093035 1.609591 5.5e-05 1.61341 3.58e-05 1.621935 4.3e-05
2.3399087108 1.609581 5.5e-05 1.61341 3.58e-05 1.621927 4.3e-05
2.34057742045 1.60957 5.5e-05 1.6134 3.58864e-05 1.621918 4.3e-05
2.34124651242 1.609559 5.5e-05 1.61339 3.59e-05 1.621909 4.3e-05
2.34191543859 1.609548 5.5e-05 1.61338 3.59e-05 1.6219 4.3e-05
2.34258529587 1.609537 5.5e-05 1.61337 3.59e-05 1.621891 4.3e-05
2.34325553647 1.609526 5.5e-05 1.61336 3.59863e-05 1.621882 4.3e-05
2.3439261607 1.609516 5.6e-05 1.61335 3.6e-05 1.621873 4.3e-05
2.34459661919 1.609505 5.6e-05 1.61335 3.6e-05 1.621864 4.3e-05
2.34526801137 1.609494 5.6e-05 1.61334 3.60862e-05 1.621855 4.4e-05
2.34593978817 1.609483 5.6e-05 1.61333 3.61e-05 1.621846 4.4e-05
2.34661139927 1.609472 5.6e-05 1.61332 3.61e-05 1.621837 4.4e-05
2.34728394601 1.609461 5.6e-05 1.61331 3.61861e-05 1.621828 4.4e-05
2.34795687836 1.60945 5.6e-05 1.6133 3.62e-05 1.621819 4.4e-05
2.34862964506 1.609439 5.6e-05 1.61329 3.62e-05 1.62181 4.4e-05
2.34930334933 1.609428 5.6e-05 1.61329 3.6286e-05 1.621801 4.4e-05
2.34997744022 1.609417 5.6e-05 1.61328 3.63e-05 1.621792 4.4e-05
2.35065191805 1.609406 5.6e-05 1.61327 3.63e-05 1.621783 4.4e-05
2.35132623029 1.609395 5.6e-05 1.61326 3.63859e-05 1.621774 4.4e-05
2.3520014827 1.609384 5.6e-05 1.61325 3.64e-05 1.621765 4.4e-05
2.35267712306 1.609373 5.6e-05 1.61324 3.64e-05 1.621755 4.4e-05
2.35335259788 1.609362 5.6e-05 1.61323 3.64859e-05 1.621746 4.4e-05
2.35402901482 1.609351 5.6e-05 1.61323 3.65e-05 1.621737 4.4e-05
2.35470582072 1.60934 5.6e-05 1.61322 3.65e-05 1.621728 4.4e-05
2.35538246112 1.609329 5.6e-05 1.61321 3.65858e-05 1.621719 4.4e-05
2.3560600456 1.609318 5.6e-05 1.6132 3.66e-05 1.62171 4.4e-05
2.35673802005 1.609307 5.7e-05 1.61319 3.66e-05 1.621701 4.4e-05
2.3574163848 1.609296 5.7e-05 1.61318 3.66857e-05 1.621692 4.4e-05
2.35809458412 1.609285 5.7e-05 1.61317 3.67e-05 1.621683 4.4e-05
2.35877373015 1.609274 5.7e-05 1.61316 3.67e-05 1.621673 4.4e-05
2.35945326749 1.609263 5.7e-05 1.61316 3.67857e-05 1.621664 4.4e-05
2.36013263945 1.609251 5.7e-05 1.61315 3.68e-05 1.621655 4.4e-05
2.36081296011 1.60924 5.7e-05 1.61314 3.68e-05 1.621646 4.4e-05
2.36149367309 1.609229 5.7e-05 1.61313 3.68856e-05 1.621637 4.4e-05
2.36217422074 1.609218 5.7e-05 1.61312 3.69e-05 1.621628 4.4e-05
2.36285571907 1.609207 5.7e-05 1.61311 3.69e-05 1.621618 4.5e-05
2.36353761074 1.609196 5.7e-05 1.6131 3.69855e-05 1.621609 4.5e-05
2.36421989609 1.609185 5.7e-05 1.6131 3.7e-05 1.6216 4.5e-05
2.3649020162 1.609173 5.7e-05 1.61309 3.7e-05 1.621591 4.5e-05
2.36558508962 1.609162 5.7e-05 1.61308 3.70855e-05 1.621582 4.5e-05
2.36626855776 1.609151 5.7e-05 1.61307 3.71e-05 1.621572 4.5e-05
2.3669518607 1.60914 5.7e-05 1.61306 3.71e-05 1.621563 4.5e-05
2.36763611895 1.609129 5.7e-05 1.61305 3.71854e-05 1.621554 4.5e-05
2.36832077294 1.609117 5.7e-05 1.61304 3.72e-05 1.621544 4.5e-05
2.3690052618 1.609106 5.7e-05 1.61303 3.72e-05 1.621535 4.5e-05
2.36969070797 1.609095 5.7e-05 1.61302 3.72853e-05 1.621526 4.5e-05
2.37037655091 1.609084 5.8e-05 1.61302 3.73e-05 1.621517 4.5e-05
2.37106279096 1.609072 5.8e-05 1.61301 3.73e-05 1.621507 4.5e-05
2.37174886595 1.609061 5.8e-05 1.613 3.73852e-05 1.621498 4.5e-05
2.37243590093 1.60905 5.8e-05 1.61299 3.74e-05 1.621489 4.5e-05
2.37312333407 1.609038 5.8e-05 1.61298 3.74e-05 1.621479 4.5e-05
2.3738106022 1.609027 5.8e-05 1.61297 3.74851e-05 1.62147 4.5e-05
2.37449883234 1.609016 5.8e-05 1.61296 3.75e-05 1.621461 4.5e-05
2.37518746167 1.609004 5.8e-05 1.61295 3.75e-05 1.621451 4.5e-05
2.37587592606 1.608993 5.8e-05 1.61294 3.75851e-05 1.621442 4.5e-05
2.37656535448 1.608982 5.8e-05 1.61294 3.76e-05 1.621433 4.5e-05
2.37725518313 1.60897 5.8e-05 1.61293 3.76e-05 1.621423 4.5e-05
2.37794541236 1.608959 5.8e-05 1.61292 3.7685e-05 1.621414 4.5e-05
2.37863547673 1.608948 5.8e-05 1.61291 3.77e-05 1.621405 4.5e-05
2.37932650784 1.608936 5.8e-05 1.6129 3.77e-05 1.621395 4.6e-05
2.38001794058 1.608925 5.8e-05 1.61289 3.77849e-05 1.621386 4.6e-05
2.38070920851 1.608913 5.8e-05 1.61288 3.78e-05 1.621376 4.6e-05
2.38140144522 1.608902 5.8e-05 1.61287 3.78e-05 1.621367 4.6e-05
2.38209408462 1.608891 5.8e-05 1.61286 3.78849e-05 1.621357 4.6e-05
2.38278655927 1.608879 5.8e-05 1.61286 3.79e-05 1.621348 4.6e-05
2.38348000475 1.608868 5.9e-05 1.61285 3.79e-05 1.621338 4.6e-05
2.38417385396 1.608856 5.9e-05 1.61284 3.79848e-05 1.621329 4.6e-05
2.38486810725 1.608845 5.9e-05 1.61283 3.8e-05 1.62132 4.6e-05
2.3855621959 1.608833 5.9e-05 1.61282 3.8e-05 1.62131 4.6e-05
2.3862572581 1.608822 5.9e-05 1.61281 3.80847e-05 1.621301 4.6e-05
2.38695272545 1.60881 5.9e-05 1.6128 3.81e-05 1.621291 4.6e-05
2.38764802821 1.608799 5.9e-05 1.61279 3.81e-05 1.621282 4.6e-05
2.38834430658 1.608787 5.9e-05 1.61278 3.81846e-05 1.621272 4.6e-05
2.38904099117 1.608775 5.9e-05 1.61277 3.82e-05 1.621263 4.6e-05
2.38973751123 1.608764 5.9e-05 1.61277 3.82e-05 1.621253 4.6e-05
2.39043500897 1.608752 5.9e-05 1.61276 3.82846e-05 1.621243 4.6e-05
2.39113291399 1.608741 5.9e-05 1.61275 3.83e-05 1.621234 4.6e-05
2.39183122665 1.608729 5.9e-05 1.61274 3.83e-05 1.621224 4.6e-05
2.39252937488 1.608718 5.9e-05 1.61273 3.83845e-05 1.621215 4.6e-05
2.39322850354 1.608706 5.9e-05 1.61272 3.84e-05 1.621205 4.6e-05
2.39392804092 1.608694 5.9e-05 1.61271 3.84844e-05 1.621196 4.6e-05
2.39462741393 1.608683 5.9e-05 1.6127 3.85e-05 1.621186 4.6e-05
2.39532776947 1.608671 5.9e-05 1.61269 3.85e-05 1.621176 4.6e-05
2.39602853478 1.60866 5.9e-05 1.61268 3.85844e-05 1.621167 4.7e-05
2.39672913581 1.608648 5.9e-05 1.61267 3.86e-05 1.621157 4.7e-05
2.39743072144 1.608636 6e-05 1.61266 3.86e-05 1.621148 4.7e-05
2.39813271794 1.608624 6e-05 1.61266 3.86843e-05 1.621138 4.7e-05
2.39883512566 1.608613 6e-05 1.61265 3.87e-05 1.621128 4.7e-05
2.3995373692 1.608601 6e-05 1.61264 3.87e-05 1.621119 4.7e-05
2.40024060012 1.608589 6e-05 1.61263 3.87842e-05 1.621109 4.7e-05
2.40094424335 1.608578 6e-05 1.61262 3.88e-05 1.621099 4.7e-05
2.40164772247 1.608566 6e-05 1.61261 3.88e-05 1.62109 4.7e-05
2.40235219108 1.608554 6e-05 1.6126 3.88841e-05 1.62108 4.7e-05
2.40305707309 1.608542 6e-05 1.61259 3.89e-05 1.62107 4.7e-05
2.40376179105 1.608531 6e-05 1.61258 3.89e-05 1.62106 4.7e-05
2.40446750062 1.608519 6e-05 1.61257 3.8984e-05 1.621051 4.7e-05
2.40517362467 1.608507 6e-05 1.61256 3.9e-05 1.621041 4.7e-05
2.40588016359 1.608495 6e-05 1.61255 3.9084e-05 1.621031 4.7e-05
2.40658653857 1.608483 6e-05 1.61254 3.91e-05 1.621022 4.7e-05
2.40729390796 1.608472 6e-05 1.61254 3.91e-05 1.621012 4.7e-05
2.40800169331 1.60846 6e-05 1.61253 3.91839e-05 1.621002 4.7e-05
2.40870931479 1.608448 6e-05 1.61252 3.92e-05 1.620992 4.7e-05
2.40941793282 1.608436 6e-05 1.61251 3.92e-05 1.620983 4.7e-05
2.4101269679 1.608424 6.1e-05 1.6125 3.92838e-05 1.620973 4.7e-05
2.4108358392 1.608412 6.1e-05 1.61249 3.93e-05 1.620963 4.7e-05
2.41154570916 1.6084 6.1e-05 1.61248 3.93e-05 1.620953 4.7e-05
2.41225599729 1.608388 6.1e-05 1.61247 3.93838e-05 1.620943 4.8e-05
2.41296670396 1.608376 6.1e-05 1.61246 3.94e-05 1.620933 4.8e-05
2.41367724694 1.608364 6.1e-05 1.61245 3.94e-05 1.620924 4.8e-05
2.41438879144 1.608353 6.1e-05 1.61244 3.94837e-05 1.620914 4.8e-05
2.41510075559 1.608341 6.1e-05 1.61243 3.95e-05 1.620904 4.8e-05
2.41581255614 1.608329 6.1e-05 1.61242 3.95837e-05 1.620894 4.8e-05
2.41652536035 1.608317 6.1e-05 1.61241 3.96e-05 1.620884 4.8e-05
2.41723858532 1.608305 6.1e-05 1.6124 3.96e-05 1.620874 4.8e-05
2.41795164677 1.608293 6.1e-05 1.6124 3.96836e-05 1.620864 4.8e-05
2.41866571403 1.608281 6.1e-05 1.61239 3.97e-05 1.620854 4.8e-05
2.41938020318 1.608269 6.1e-05 1.61238 3.97e-05 1.620845 4.8e-05
2.42009511458 1.608257 6.1e-05 1.61237 3.97835e-05 1.620835 4.8e-05
2.42080986257 1.608245 6.1e-05 1.61236 3.98e-05 1.620825 4.8e-05
2.42152561926 1.608232 6.2e-05 1.61235 3.98e-05 1.620815 4.8e-05
2.42224179932 1.608221 6.2e-05 1.61234 3.98834e-05 1.620805 4.8e-05
2.42295781606 1.608208 6.2e-05 1.61233 3.99e-05 1.620795 4.8e-05
2.42367484366 1.608196 6.2e-05 1.61232 3.99834e-05 1.620785 4.8e-05
2.42439229577 1.608184 6.2e-05 1.61231 4e-05 1.620775 4.8e-05
2.42510958464 1.608172 6.2e-05 1.6123 4e-05 1.620765 4.8e-05
2.42582788654 1.60816 6.2e-05 1.61229 4.00833e-05 1.620755 4.8e-05
2.42654661408 1.608148 6.2e-05 1.61228 4.01e-05 1.620745 4.8e-05
2.42726576764 1.608136 6.2e-05 1.61227 4.01e-05 1.620735 4.8e-05
2.42798475808 1.608124 6.2e-05 1.61226 4.01832e-05 1.620725 4.8e-05
2.42870476446 1.608111 6.2e-05 1.61225 4.02e-05 1.620715 4.8e-05
2.429425198 1.608099 6.2e-05 1.61224 4.02832e-05 1.620705 4.8e-05
2.43014546851 1.608087 6.2e-05 1.61223 4.03e-05 1.620695 4.9e-05
2.43086675714 1.608075 6.2e-05 1.61222 4.03e-05 1.620685 4.9e-05
2.43158847408 1.608063 6.2e-05 1.61222 4.03831e-05 1.620675 4.9e-05
2.43231002807 1.60805 6.2e-05 1.61221 4.04e-05 1.620665 4.9e-05
2.43303260239 1.608038 6.2e-05 1.6122 4.04e-05 1.620655 4.9e-05
2.43375560616 1.608026 6.3e-05 1.61219 4.0483e-05 1.620644 4.9e-05
2.43447903974 1.608014 6.3e-05 1.61218 4.05e-05 1.620634 4.9e-05
2.43520231052 1.608001 6.3e-05 1.61217 4.0583e-05 1.620624 4.9e-05
2.43592660456 1.607989 6.3e-05 1.61216 4.06e-05 1.620614 4.9e-05
2.43665132957 1.607977 6.3e-05 1.61215 4.06e-05 1.620604 4.9e-05
2.43737589187 1.607965 6.3e-05 1.61214 4.06829e-05 1.620594 4.9e-05
2.43810147964 1.607952 6.3e-05 1.61213 4.07e-05 1.620584 4.9e-05
2.43882749954 1.60794 6.3e-05 1.61212 4.07e-05 1.620574 4.9e-05
2.43955335681 1.607928 6.3e-05 1.61211 4.07828e-05 1.620563 4.9e-05
2.44028024178 1.607915 6.3e-05 1.6121 4.08e-05 1.620553 4.9e-05
2.44100756004 1.607903 6.3e-05 1.61209 4.08828e-05 1.620543 4.9e-05
2.44173531199 1.607891 6.3e-05 1.61208 4.09e-05 1.620533 4.9e-05
2.44246290143 1.607878 6.3e-05 1.61207 4.09e-05 1.620523 4.9e-05
2.44319152154 1.607866 6.3e-05 1.61206 4.09827e-05 1.620512 4.9e-05
2.44392057649 1.607853 6.3e-05 1.61205 4.1e-05 1.620502 4.9e-05
2.44464946905 1.607841 6.3e-05 1.61204 4.1e-05 1.620492 4.9e-05
2.4453793945 1.607828 6.3e-05 1.61203 4.10827e-05 1.620482 4.9e-05
2.44610975597 1.607816 6.4e-05 1.61202 4.11e-05 1.620471 5e-05
2.44683995513 1.607804 6.4e-05 1.61201 4.11826e-05 1.620461 5e-05
2.44757118944 1.607791 6.4e-05 1.612 4.12e-05 1.620451 5e-05
2.44830286094 1.607779 6.4e-05 1.61199 4.12e-05 1.620441 5e-05
2.44903497002 1.607766 6.4e-05 1.61198 4.12825e-05 1.62043 5e-05
2.44976691693 1.607754 6.4e-05 1.61197 4.13e-05 1.62042 5e-05
2.45049990198 1.607741 6.4e-05 1.61196 4.13825e-05 1.62041 5e-05
2.45123332579 1.607729 6.4e-05 1.61195 4.14e-05 1.620399 5e-05
2.45196658754 1.607716 6.4e-05 1.61194 4.14e-05 1.620389 5e-05
2.45270088969 1.607704 6.4e-05 1.61193 4.14824e-05 1.620379 5e-05
2.45343563179 1.607691 6.4e-05 1.61192 4.15e-05 1.620368 5e-05
2.45417021192 1.607678 6.4e-05 1.61191 4.15e-05 1.620358 5e-05
2.45490583472 1.607666 6.4e-05 1.6119 4.15823e-05 1.620347 5e-05
2.45564189865 1.607653 6.4e-05 1.61189 4.16e-05 1.620337 5e-05
2.45637840411 1.607641 6.4e-05 1.61188 4.16823e-05 1.620327 5e-05
2.45711474775 1.607628 6.4e-05 1.61187 4.17e-05 1.620316 5e-05
2.45785213709 1.607615 6.4e-05 1.61186 4.17e-05 1.620306 5e-05
2.45858996915 1.607603 6.4e-05 1.61185 4.17822e-05 1.620296 5e-05
2.4593276395 1.60759 6.4e-05 1.61184 4.18e-05 1.620285 5e-05
2.46006635783 1.607577 6.5e-05 1.61183 4.18822e-05 1.620275 5e-05
2.46080552008 1.607565 6.5e-05 1.61182 4.19e-05 1.620264 5e-05
2.46154452072 1.607552 6.5e-05 1.61181 4.19e-05 1.620254 5.1e-05
2.46228457164 1.607539 6.5e-05 1.6118 4.19821e-05 1.620243 5.1e-05
2.46302506768 1.607527 6.5e-05 1.61179 4.2e-05 1.620233 5.1e-05
2.46376600924 1.607514 6.5e-05 1.61178 4.2082e-05 1.620222 5.1e-05
2.46450678935 1.607501 6.5e-05 1.61178 4.21e-05 1.620212 5.1e-05
2.46524862279 1.607489 6.5e-05 1.61177 4.21e-05 1.620201 5.1e-05
2.46599090296 1.607476 6.5e-05 1.61176 4.2182e-05 1.620191 5.1e-05
2.46673302178 1.607463 6.5e-05 1.61175 4.22e-05 1.62018 5.1e-05
2.46747619626 1.60745 6.5e-05 1.61174 4.22819e-05 1.62017 5.1e-05
2.46821981867 1.607437 6.5e-05 1.61173 4.23e-05 1.620159 5.1e-05
2.46896327985 1.607424 6.5e-05 1.61171 4.23e-05 1.620149 5.1e-05
2.46970779899 1.607412 6.5e-05 1.6117 4.23818e-05 1.620138 5.1e-05
2.47045276729 1.607399 6.5e-05 1.61169 4.24e-05 1.620127 5.1e-05
2.47119818515 1.607386 6.5e-05 1.61168 4.24818e-05 1.620117 5.1e-05
2.47194344193 1.607373 6.6e-05 1.61167 4.25e-05 1.620106 5.1e-05
2.47268975978 1.60736 6.6e-05 1.61166 4.25e-05 1.620096 5.1e-05
2.4734365284 1.607347 6.6e-05 1.61165 4.25817e-05 1.620085 5.1e-05
2.47418313607 1.607334 6.6e-05 1.61164 4.26e-05 1.620074 5.1e-05
2.47493080712 1.607322 6.6e-05 1.61163 4.26817e-05 1.620064 5.1e-05
2.47567893019 1.607309 6.6e-05 1.61162 4.27e-05 1.620053 5.1e-05
2.47642689241 1.607296 6.6e-05 1.61161 4.27e-05 1.620042 5.1e-05
2.47717592036 1.607283 6.6e-05 1.6116 4.27816e-05 1.620032 5.2e-05
2.47792540156 1.60727 6.6e-05 1.61159 4.28e-05 1.620021 5.2e-05
2.47867533641 1.607257 6.6e-05 1.61158 4.28815e-05 1.62001 5.2e-05
2.47942511058 1.607244 6.6e-05 1.61157 4.29e-05 1.62 5.2e-05
2.4801759536 1.607231 6.6e-05 1.61156 4.29e-05 1.619989 5.2e-05
2.48092725152 1.607218 6.6e-05 1.61155 4.29815e-05 1.619978 5.2e-05
2.48167838887 1.607205 6.6e-05 1.61154 4.3e-05 1.619967 5.2e-05
2.48243059745 1.607192 6.6e-05 1.61153 4.30814e-05 1.619957 5.2e-05
2.48318326215 1.607179 6.6e-05 1.61152 4.31e-05 1.619946 5.2e-05
2.48393576641 1.607166 6.7e-05 1.61151 4.31e-05 1.619935 5.2e-05
2.48468934426 1.607153 6.7e-05 1.6115 4.31813e-05 1.619924 5.2e-05
2.48544337949 1.60714 6.7e-05 1.61149 4.32e-05 1.619914 5.2e-05
2.48619787251 1.607126 6.7e-05 1.61148 4.32813e-05 1.619903 5.2e-05
2.48695220526 1.607113 6.7e-05 1.61147 4.33e-05 1.619892 5.2e-05
2.48770761475 1.6071 6.7e-05 1.61146 4.33e-05 1.619881 5.2e-05
2.48846348329 1.607087 6.7e-05 1.61145 4.33812e-05 1.61987 5.2e-05
2.48921919168 1.607074 6.7e-05 1.61144 4.34e-05 1.61986 5.2e-05
2.4899759792 1.607061 6.7e-05 1.61143 4.34812e-05 1.619849 5.2e-05
2.49073322703 1.607048 6.7e-05 1.61142 4.35e-05 1.619838 5.2e-05
2.49149031483 1.607034 6.7e-05 1.61141 4.35811e-05 1.619827 5.2e-05
2.49224848415 1.607021 6.7e-05 1.6114 4.36e-05 1.619816 5.3e-05
2.49300711504 1.607008 6.7e-05 1.61139 4.36e-05 1.619805 5.3e-05
2.49376620792 1.606995 6.7e-05 1.61138 4.36811e-05 1.619794 5.3e-05
2.49452514095 1.606982 6.7e-05 1.61137 4.37e-05 1.619784 5.3e-05
2.49528515869 1.606968 6.8e-05 1.61136 4.3781e-05 1.619773 5.3e-05
2.4960456397 1.606955 6.8e-05 1.61135 4.38e-05 1.619762 5.3e-05
2.49680596097 1.606942 6.8e-05 1.61134 4.38e-05 1.619751 5.3e-05
2.49756736938 1.606929 6.8e-05 1.61133 4.38809e-05 1.61974 5.3e-05
