grains2/data/olivine95.csv
# %ECSV 0.9
# ---
# datatype:
# - {name: wave, unit: um, datatype: float64, description: Wavelength}
# - {name: n0, datatype: float64, description: 'Real index, x-axis'}
# - {name: k0, datatype: float64, description: 'Imaginary index, x-axis'}
# - {name: n1, datatype: float64, description: 'Real index, y-axis'}
# - {name: k1, datatype: float64, description: 'Imaginary index, y-axis'}
# - {name: n2, datatype: float64, description: 'Real index, z-axis'}
# - {name: k2, datatype: float64, description: 'Imaginary index, z-axis'}
# meta: !!omap
# - {name: olivine 95/5 Mg/Fe}
# - {source: "Jena Laboratory Group for \u03BB<2 \u03BCm, otherwise Jaeger et al. (1998)"}
# - {comments: Jena Lab data degraded resolution from 46 cm^-1 grid with good agreement.}
# - rho: !astropy.units.Quantity
#     unit: !astropy.units.Unit {unit: g / cm3}
#     value: 3.3
# schema: astropy-2.0
wave n0 k0 n1 k1 n2 k2
[from data line 4014]
44.7651619604 2.968128 0.049655 3.38403 0.07021 2.875636 0.0504
45.0111852795 2.95911 0.050219 3.3684 0.06809 2.867216 0.04898
45.25972292 2.950119 0.051033 3.35323 0.06608 2.859026 0.047623
45.5112276199 2.941136 0.052139 3.33849 0.06416 2.851055 0.046326
45.7655431226 2.932149 0.053588 3.32417 0.06233 2.843295 0.045084
46.0225050049 2.923148 0.055448 3.31025 0.06058 2.835737 0.043894
46.2825829384 2.91413 0.057802 3.2967 0.05891 2.828372 0.042754
46.545617032 2.905106 0.060757 3.28352 0.05731 2.821193 0.04166
46.8116579753 2.896107 0.064447 3.27069 0.05579 2.814192 0.040609
47.0805359648 2.887203 0.069039 3.25818 0.05433 2.807363 0.0396
47.3527448019 2.878516 0.074735 3.246 0.05293 2.800698 0.03863
47.6281196418 2.87026 0.081771 3.23411 0.05158 2.794193 0.037697
47.9064865383 2.862786 0.090397 3.22252 0.0503 2.787841 0.036799
48.1883586563 2.856641 0.100829 3.21121 0.04906 2.781636 0.035933
48.4735673637 2.852631 0.113134 3.20017 0.04787 2.775573 0.035099
48.7619344835 2.851837 0.127033 3.18939 0.04673 2.769647 0.034295
49.0539937309 2.855468 0.141617 3.17885 0.04563 2.763854 0.033519
49.3495726327 2.864438 0.155088 3.16855 0.04458 2.758188 0.03277
49.6487351985 2.878631 0.164888 3.15848 0.04356 2.752646 0.032046
49.951297485 2.896276 0.168516 3.14863 0.04258 2.747224 0.031346
50.2578226301 2.914202 0.16483 3.13899 0.04164 2.741917 0.03067
50.568132974 2.929149 0.154762 3.12955 0.04073 2.736722 0.030015
50.8820401663 2.939163 0.140724 3.12031 0.03986 2.731636 0.029382
51.2001310723 2.943974 0.125319 3.11125 0.03902 2.726654 0.028768
51.5222241114 2.944419 0.110437 3.10238 0.0382 2.721774 0.028174
51.848126468 2.941704 0.097073 3.09367 0.03742 2.716993 0.027597
52.1784503 2.936929 0.08556 3.08514 0.03666 2.712308 0.027039
52.5130100983 2.930933 0.075854 3.07676 0.03593 2.707715 0.026496
52.8518878694 2.924289 0.067751 3.06854 0.03523 2.703213 0.02597
53.1948847799 2.917368 0.061 3.06047 0.03455 2.698798 0.025459
53.5426493974 2.910398 0.055362 3.05253 0.0339 2.694468 0.024963
53.8949909995 2.903515 0.05063 3.04473 0.03327 2.690221 0.02448
54.2517062162 2.896793 0.046633 3.03706 0.03266 2.686055 0.024012
54.6134731438 2.890272 0.043232 3.02951 0.03208 2.681966 0.023555
54.9800972048 2.883969 0.040315 3.02208 0.03151 2.677954 0.023112
55.3513704999 2.877887 0.037795 3.01476 0.03097 2.674016 0.02268
55.7280027641 2.872021 0.035601 3.00754 0.03046 2.67015 0.022259
56.1097956481 2.866364 0.033677 3.00042 0.02996 2.666355 0.02185
56.49685595 2.860905 0.031977 2.99339 0.02949 2.662628 0.021451
56.8889697976 2.855634 0.030467 2.98645 0.02903 2.658968 0.021062
57.2868927589 2.850537 0.029116 2.97958 0.02861 2.655373 0.020683
57.6904216593 2.845605 0.0279 2.97279 0.0282 2.651841 0.020313
58.0993382485 2.840828 0.026799 2.96605 0.02782 2.648372 0.019953
58.5144355112 2.836194 0.025798 2.95937 0.02746 2.644963 0.019601
58.9355068748 2.831697 0.024883 2.95274 0.02714 2.641613 0.019257
59.3623298527 2.827327 0.024043 2.94614 0.02684 2.638322 0.018922
59.7957377598 2.823076 0.023268 2.93956 0.02657 2.635086 0.018594
60.2355208867 2.818939 0.02255 2.93299 0.02634 2.631906 0.018274
60.6818209401 2.814909 0.021883 2.92642 0.02614 2.628779 0.017961
61.1344101141 2.81098 0.02126 2.91983 0.02599 2.625705 0.017655
61.5941805818 2.807146 0.020677 2.9132 0.02589 2.622683 0.017356
62.0609189981 2.803403 0.020129 2.90651 0.02585 2.619711 0.017064
62.5343939167 2.799748 0.019613 2.89973 0.02588 2.616788 0.016777
63.0155459352 2.796174 0.019126 2.89283 0.02599 2.613914 0.016497
63.5041595224 2.79268 0.018665 2.88578 0.02621 2.611087 0.016223
64.0 2.789261 0.018227 2.87851 0.02655 2.608306 0.015955
64.5040605306 2.785914 0.01781 2.87099 0.02705 2.605571 0.015692
65.0161239988 2.782637 0.017413 2.86312 0.02776 2.60288 0.015434
65.5363825228 2.779427 0.017034 2.85481 0.02874 2.600233 0.015182
66.0645979639 2.776281 0.016671 2.84594 0.0301 2.597628 0.014934
66.6018408749 2.773197 0.016322 2.83635 0.03197 2.595065 0.014692
67.1478932348 2.770172 0.015988 2.8258 0.03459 2.592544 0.014454
67.7025151484 2.767206 0.015666 2.814 0.03831 2.590062 0.014221
68.2668414298 2.764295 0.015357 2.80056 0.04373 2.58762 0.013992
68.8406545369 2.761438 0.015058 2.78495 0.0519 2.585217 0.013768
69.4237137521 2.758634 0.014769 2.76661 0.06477 2.582852 0.013548
70.0172242372 2.755881 0.01449 2.7454 0.08611 2.580524 0.013331
70.6209701909 2.753177 0.01422 2.72358 0.12323 2.578233 0.013119
71.2352186921 2.750521 0.013958 2.71351 0.18782 2.575979 0.012911
71.8597298074 2.747912 0.013703 2.75446 0.27911 2.573759 0.012706
72.4958133668 2.745348 0.013457 2.87994 0.32253 2.571574 0.012505
73.1432583859 2.742829 0.013217 2.98632 0.25233 2.569424 0.012307
73.8018273332 2.740353 0.012983 3.00671 0.16393 2.567307 0.012113
74.4729179234 2.737919 0.012756 2.99046 0.10777 2.565223 0.011921
75.1563251563 2.735527 0.012534 2.96838 0.0758 2.563172 0.011734
75.8518158925 2.733174 0.012318 2.94836 0.05703 2.561153 0.011549
76.5608850438 2.730861 0.012107 2.93146 0.04534 2.559165 0.011367
77.2833361671 2.728587 0.011901 2.91728 0.03763 2.557208 0.011188
78.0195516997 2.72635 0.0117 2.90525 0.03229 2.555282 0.011012
78.7693083267 2.72415 0.011503 2.89487 0.02844 2.553386 0.010839
79.534247447 2.721986 0.011311 2.88578 0.02556 2.551519 0.010669
80.3141891078 2.719858 0.011122 2.8777 0.02333 2.549681 0.010501
81.1089211702 2.717764 0.010937 2.87042 0.02156 2.547873 0.010336
81.9202097157 2.715705 0.010756 2.86379 0.02013 2.546092 0.010173
82.7478919975 2.713679 0.010579 2.8577 0.01895 2.544339 0.010013
83.591771226 2.711686 0.010405 2.85206 0.01795 2.542613 0.009855
84.4537531248 2.709725 0.010234 2.84678 0.01709 2.540915 0.009699
85.3336974238 2.707797 0.010066 2.84184 0.01634 2.539243 0.009546
86.2321714985 2.705899 0.009901 2.83717 0.01569 2.537597 0.009394
87.1490073728 2.704031 0.009739 2.83274 0.01511 2.535977 0.009245
88.0863245981 2.702194 0.00958 2.82852 0.01458 2.534383 0.009098
89.0440233652 2.700387 0.009423 2.8245 0.01411 2.532814 0.008953
90.0219653595 2.698609 0.00927 2.82065 0.01367 2.53127 0.00881
91.0224552397 2.69686 0.009118 2.81695 0.01327 2.52975 0.008669
92.045433626 2.695139 0.008969 2.81338 0.0129 2.528255 0.008529
93.0908007671 2.693446 0.008822 2.80995 0.01255 2.526783 0.008392
94.1610719296 2.691781 0.008677 2.80664 0.01222 2.525336 0.008256
95.2562392837 2.690142 0.008534 2.80343 0.01191 2.523911 0.008122
96.3771817385 2.688531 0.008394 2.80032 0.01162 2.522509 0.00799
97.5238689669 2.686946 0.008255 2.79731 0.01135 2.521131 0.007859
98.6991452654 2.685387 0.008118 2.79439 0.01108 2.519774 0.00773
99.9030939988 2.683854 0.007983 2.79155 0.01083 2.51844 0.007602
101.135754523 2.682346 0.00785 2.78879 0.01059 2.517128 0.007476
102.400262145 2.680863 0.007719 2.7861 0.01035 2.515837 0.007352
103.696790584 2.679405 0.007589 2.78348 0.01013 2.514568 0.007229
105.025468676 2.677971 0.007461 2.78093 0.00991 2.51332 0.007107
106.38976956 2.676562 0.007334 2.77844 0.0097 2.512093 0.006987
107.789981999 2.675176 0.007209 2.77602 0.00949 2.510886 0.006868
109.227542817 2.673814 0.007086 2.77365 0.0093 2.5097 0.00675
110.702741 2.672476 0.006963 2.77134 0.0091 2.508535 0.006634
112.219591296 2.67116 0.006843 2.76909 0.00891 2.507389 0.006518
113.77858687 2.669867 0.006723 2.76689 0.00873 2.506263 0.006404
115.380177685 2.668597 0.006605 2.76474 0.00855 2.505157 0.006292
117.028871022 2.667349 0.006488 2.76264 0.00838 2.504071 0.00618
118.725364487 2.666123 0.006372 2.76059 0.0082 2.503004 0.00607
120.470316114 2.66492 0.006258 2.75858 0.00804 2.501955 0.00596
122.268820228 2.663738 0.006145 2.75662 0.00787 2.500926 0.005852
124.121837996 2.662577 0.006032 2.7547 0.00771 2.499915 0.005745
126.031886067 2.661438 0.005921 2.75283 0.00755 2.498923 0.005638
128.0 2.660319 0.005811 2.751 0.00739 2.497949 0.005533
130.032247998 2.659221 0.005702 2.74921 0.00724 2.496994 0.005429
132.13006884 2.658144 0.005594 2.74746 0.00709 2.496056 0.005325
134.294884708 2.657088 0.005487 2.74575 0.00694 2.495136 0.005223
136.53368286 2.656052 0.005381 2.74407 0.00679 2.494235 0.005121
138.848391441 2.655036 0.005276 2.74244 0.00665 2.49335 0.005021
141.240942925 2.65404 0.005171 2.74084 0.00651 2.492483 0.004921
143.719459615 2.653064 0.005068 2.73928 0.00637 2.491633 0.004822
146.286516772 2.652107 0.004965 2.73775 0.00623 2.490801 0.004724
148.946945098 2.65117 0.004863 2.73626 0.00609 2.489985 0.004626
151.703631785 2.650252 0.004762 2.73481 0.00596 2.489187 0.00453
154.566672334 2.649353 0.004662 2.73338 0.00582 2.488405 0.004434
157.539857584 2.648474 0.004563 2.732 0.00569 2.487639 0.004339
160.627088152 2.647613 0.004464 2.73064 0.00556 2.48689 0.004244
163.840419431 2.646771 0.004366 2.72932 0.00543 2.486158 0.004151
167.184939981 2.645948 0.004268 2.72802 0.00531 2.485442 0.004058
170.665938492 2.645143 0.004171 2.72676 0.00518 2.484741 0.003965
174.298014746 2.644356 0.004075 2.72554 0.00506 2.484058 0.003873
178.08804673 2.643589 0.00398 2.72434 0.00493 2.483389 0.003782
182.046567512 2.642838 0.003885 2.72317 0.00481 2.482737 0.003692
186.181601534 2.642107 0.003791 2.72203 0.00469 2.482101 0.003602
190.512478567 2.641392 0.003697 2.72092 0.00457 2.48148 0.003512
195.049640133 2.640696 0.003604 2.71985 0.00445 2.480874 0.003423
199.804191892 2.640018 0.003511 2.7188 0.00433 2.480284 0.003335
204.800524289 2.639357 0.003419 2.71777 0.00421 2.47971 0.003247
210.053143445 2.638713 0.003328 2.71678 0.0041 2.47915 0.00316
215.577640287 2.638087 0.003237 2.71582 0.00398 2.478606 0.003073
221.405482 2.637479 0.003146 2.71488 0.00387 2.478077 0.002987
227.55717374 2.636887 0.003056 2.71397 0.00375 2.477563 0.002901
234.060481228 2.636313 0.002966 2.71309 0.00364 2.477064 0.002815
240.940632228 2.635756 0.002877 2.71224 0.00353 2.47658 0.00273
248.243675992 2.635216 0.002788 2.71141 0.00342 2.47611 0.002645
256.003276842 2.634692 0.002699 2.71061 0.00331 2.475656 0.002561
264.256646055 2.634186 0.002611 2.70984 0.0032 2.475216 0.002477
273.067365719 2.633696 0.002524 2.70909 0.00309 2.47479 0.002394
282.485875706 2.633223 0.002436 2.70837 0.00298 2.474379 0.002311
292.568753657 2.632767 0.002349 2.70767 0.00287 2.473983 0.002228
303.40726357 2.632327 0.002262 2.707 0.00276 2.473601 0.002146
315.079715168 2.631904 0.002176 2.70636 0.00266 2.473233 0.002063
327.686207688 2.631497 0.00209 2.70574 0.00255 2.47288 0.001982
341.331876984 2.631107 0.002004 2.70515 0.00245 2.472541 0.0019
356.176093461 2.630733 0.001919 2.70458 0.00234 2.472216 0.001819
372.370135915 2.630375 0.001833 2.70404 0.00223 2.471905 0.001738
390.091671543 2.630033 0.001748 2.70352 0.00213 2.471608 0.001657
409.601048579 2.629708 0.001663 2.70303 0.00203 2.471326 0.001577
431.164575518 2.629399 0.001579 2.70256 0.00192 2.471057 0.001496
455.103991262 2.629106 0.001494 2.70211 0.00182 2.470803 0.001416
481.881264456 2.628829 0.00141 2.7017 0.00172 2.470562 0.001337
512.006553684 2.628568 0.001326 2.7013 0.00161 2.470335 0.001257
546.149645003 2.628323 0.001243 2.70093 0.00151 2.470123 0.001178
585.137507314 2.628094 0.001159 2.70058 0.00141 2.469924 0.001098
630.159430336 2.627881 0.001076 2.70026 0.00131 2.469739 0.001019
682.687056253 2.627683 0.000992 2.69996 0.00121 2.469568 0.00094
744.712540959 2.627502 0.000909 2.69969 0.0011 2.46941 0.000861
819.202097157 2.627337 0.000826 2.69944 0.001 2.469267 0.000783
910.249408338 2.627187 0.000743 2.69922 0.000902901 2.469137 0.000704
1023.96067991 2.627053 0.00066 2.69901 0.000802126 2.46902 0.000626
1170.27501463 2.626935 0.000578 2.69884 0.000701551 2.468918 0.000547
1365.37411251 2.626833 0.000495 2.69868 0.000601076 2.468829 0.000469
1638.53842373 2.626746 0.000412 2.69855 0.000500701 2.468754 0.000391
2047.92135982 2.626676 0.00033 2.69845 0.000400525 2.468693 0.000312
2730.74822501 2.62662 0.000247 2.69836 0.000300351 2.468645 0.000234
4096.68168783 2.626581 0.000165 2.6983 0.000200175 2.468611 0.000156
8190.00819001 2.626558 8.2e-05 2.69827 0.0001001 2.46859 7.8e-05
inf 2.62655 0.0 2.6982558 0.0 2.468584 0.0
